# Alternative balanced benchmark instance generated automatically
# based_on = S20_B_SC034.txt
# scenario_id = SC034
# purpose = same size and same operational parameters, with redistributed demand
# note = designed to reduce destination concentration and avoid obvious locker-capacity conflicts
# scaling_alpha = 0.6750

V = [0, 1, 2, 3, 4, 5, 6, 7, 8, 9, 10, 11, 12, 13, 14, 15, 16, 17, 18, 19, 20]
K = [1, 2, 3, 4, 5, 6, 7, 8, 9, 10, 11, 12, 13, 14, 15, 16, 17, 18, 19, 20]
T = [0, 1]
C = 4
Q = 125.0
H = 30
g = [[0, 0], [6, 2], [3, 1], [3, 2], [4, 5], [4, 2], [4, 5], [5, 2], [3, 3], [6, 4], [4, 1], [4, 5], [3, 4], [5, 2], [5, 2], [3, 3], [5, 5], [5, 6], [4, 1], [4, 2], [2, 6]]
p_day_0 = [[0, 0, 0, 0, 0, 0, 0, 0, 0, 0, 0, 0, 0, 0, 0, 0, 0, 0, 0, 0, 0], [0, 0, 2, 2, 0, 0, 0, 0, 0, 7, 0, 5, 4, 0, 0, 0, 0, 0, 0, 0, 0], [0, 0, 0, 0, 0, 0, 2, 0, 0, 0, 0, 0, 0, 0, 2, 5, 0, 0, 2, 0, 7], [0, 0, 2, 0, 0, 0, 2, 0, 0, 0, 4, 0, 8, 0, 0, 0, 0, 0, 3, 0, 0], [0, 0, 0, 0, 0, 3, 0, 0, 0, 0, 2, 0, 0, 3, 0, 9, 0, 0, 0, 5, 0], [0, 1, 6, 0, 0, 0, 0, 0, 0, 0, 4, 0, 0, 0, 0, 0, 0, 5, 0, 6, 0], [0, 0, 0, 3, 7, 6, 0, 0, 0, 0, 0, 0, 0, 0, 1, 0, 0, 0, 4, 0, 0], [0, 0, 4, 0, 4, 0, 5, 0, 0, 0, 0, 1, 8, 0, 0, 0, 0, 0, 0, 0, 0], [0, 0, 0, 0, 4, 0, 0, 0, 0, 0, 0, 3, 0, 0, 0, 7, 3, 0, 0, 0, 0], [0, 0, 0, 0, 0, 0, 0, 0, 0, 0, 0, 4, 0, 0, 2, 5, 5, 0, 2, 0, 0], [0, 0, 0, 0, 0, 4, 3, 0, 7, 0, 0, 0, 3, 0, 0, 0, 0, 0, 0, 0, 4], [0, 0, 0, 0, 6, 0, 0, 0, 6, 2, 0, 0, 0, 4, 0, 0, 2, 0, 0, 0, 0], [0, 0, 0, 2, 0, 4, 0, 0, 0, 0, 0, 0, 0, 0, 4, 0, 0, 5, 7, 0, 0], [0, 0, 3, 4, 0, 2, 0, 0, 2, 0, 0, 6, 0, 0, 0, 0, 0, 0, 0, 0, 0], [0, 6, 6, 0, 0, 0, 2, 0, 0, 0, 0, 0, 0, 0, 0, 0, 4, 2, 0, 0, 0], [0, 2, 0, 0, 0, 0, 5, 0, 0, 0, 6, 0, 0, 8, 0, 0, 0, 3, 0, 0, 0], [0, 3, 0, 0, 0, 0, 0, 0, 0, 0, 0, 3, 0, 0, 0, 0, 0, 0, 0, 3, 5], [0, 0, 0, 0, 0, 0, 0, 0, 3, 4, 0, 5, 0, 0, 0, 0, 0, 0, 2, 0, 0], [0, 0, 0, 2, 0, 0, 0, 0, 0, 0, 8, 0, 0, 3, 0, 0, 2, 3, 0, 0, 0], [0, 3, 0, 0, 0, 0, 8, 2, 4, 0, 0, 0, 0, 0, 0, 0, 0, 0, 3, 0, 0], [0, 0, 5, 0, 3, 4, 0, 0, 2, 0, 0, 0, 0, 0, 2, 0, 0, 0, 0, 0, 0]]
p_day_1 = [[0, 0, 0, 0, 0, 0, 0, 0, 0, 0, 0, 0, 0, 0, 0, 0, 0, 0, 0, 0, 0], [0, 0, 0, 4, 5, 0, 0, 0, 0, 0, 0, 0, 0, 0, 0, 0, 0, 0, 0, 3, 6], [0, 0, 0, 2, 0, 5, 0, 0, 0, 0, 0, 0, 0, 0, 9, 3, 0, 0, 0, 0, 3], [0, 0, 0, 0, 0, 0, 3, 0, 6, 3, 0, 0, 4, 0, 0, 0, 0, 0, 0, 4, 0], [0, 0, 0, 0, 0, 0, 0, 0, 3, 0, 0, 4, 0, 0, 6, 4, 0, 5, 0, 0, 0], [0, 4, 1, 0, 0, 0, 0, 0, 3, 0, 0, 0, 0, 0, 5, 0, 0, 3, 0, 0, 0], [0, 2, 0, 3, 0, 3, 0, 0, 0, 0, 0, 0, 0, 4, 0, 0, 0, 0, 0, 0, 0], [0, 0, 0, 0, 0, 0, 0, 0, 0, 0, 0, 5, 3, 0, 0, 0, 0, 3, 0, 3, 0], [0, 0, 0, 3, 0, 4, 0, 3, 0, 0, 0, 3, 0, 0, 0, 5, 0, 0, 0, 0, 0], [0, 0, 0, 0, 0, 0, 0, 5, 0, 0, 0, 1, 0, 5, 0, 3, 0, 0, 0, 0, 2], [0, 0, 0, 7, 5, 0, 0, 0, 5, 0, 0, 3, 0, 0, 0, 2, 0, 0, 0, 0, 0], [0, 0, 3, 0, 8, 0, 0, 3, 5, 0, 0, 0, 0, 0, 0, 0, 0, 1, 0, 0, 0], [0, 0, 0, 0, 0, 0, 0, 0, 2, 0, 0, 0, 0, 5, 2, 0, 4, 0, 0, 0, 3], [0, 0, 0, 0, 3, 2, 0, 0, 0, 0, 3, 5, 0, 0, 0, 0, 0, 0, 5, 0, 0], [0, 2, 0, 0, 3, 0, 0, 0, 0, 4, 0, 0, 0, 0, 0, 4, 0, 5, 0, 0, 0], [0, 5, 4, 0, 0, 0, 0, 0, 0, 0, 0, 0, 0, 0, 1, 0, 0, 1, 5, 0, 0], [0, 0, 0, 4, 0, 0, 0, 0, 0, 3, 0, 0, 0, 2, 2, 0, 0, 0, 5, 0, 0], [0, 0, 4, 0, 0, 0, 0, 1, 0, 6, 0, 0, 0, 0, 0, 0, 0, 0, 3, 0, 7], [0, 0, 0, 0, 0, 0, 0, 0, 0, 4, 0, 0, 0, 5, 0, 0, 0, 0, 0, 2, 0], [0, 0, 0, 0, 0, 0, 0, 0, 4, 3, 0, 0, 0, 3, 0, 2, 0, 0, 0, 0, 4], [0, 4, 0, 0, 0, 5, 4, 1, 0, 0, 2, 0, 0, 0, 0, 0, 0, 0, 0, 0, 0]]
d = [[0, 12, 16, 12, 16, 22, 24, 6, 12, 13, 4, 4, 14, 12, 22, 9, 9, 7, 11, 14, 6], [12, 0, 5, 5, 6, 12, 14, 11, 23, 23, 14, 10, 11, 19, 25, 17, 14, 9, 19, 10, 9], [16, 5, 0, 7, 6, 8, 11, 14, 26, 27, 17, 14, 11, 22, 28, 21, 18, 12, 23, 11, 13], [12, 5, 7, 0, 9, 12, 15, 11, 22, 22, 12, 9, 8, 19, 27, 17, 15, 9, 19, 8, 9], [16, 6, 6, 9, 0, 10, 13, 13, 26, 27, 17, 14, 14, 20, 25, 19, 16, 11, 21, 14, 12], [22, 12, 8, 12, 10, 0, 5, 20, 32, 32, 23, 20, 14, 28, 33, 27, 24, 18, 29, 14, 19], [24, 14, 11, 15, 13, 5, 0, 23, 35, 35, 25, 22, 16, 31, 36, 29, 26, 21, 31, 16, 21], [6, 11, 14, 11, 13, 20, 23, 0, 15, 16, 8, 6, 15, 11, 19, 9, 7, 4, 10, 15, 4], [12, 23, 26, 22, 26, 32, 35, 15, 0, 4, 11, 15, 23, 14, 23, 12, 15, 17, 11, 23, 16], [13, 23, 27, 22, 27, 32, 35, 16, 4, 0, 12, 15, 23, 15, 25, 13, 17, 18, 12, 23, 17], [4, 14, 17, 12, 17, 23, 25, 8, 11, 12, 0, 5, 14, 13, 23, 10, 11, 9, 11, 14, 8], [4, 10, 14, 9, 14, 20, 22, 6, 15, 15, 5, 0, 12, 14, 23, 11, 10, 6, 13, 12, 5], [14, 11, 11, 8, 14, 14, 16, 15, 23, 23, 14, 12, 0, 24, 32, 22, 20, 14, 23, 3, 14], [12, 19, 22, 19, 20, 28, 31, 11, 14, 15, 13, 14, 24, 0, 12, 5, 7, 13, 5, 23, 12], [22, 25, 28, 27, 25, 33, 36, 19, 23, 25, 23, 23, 32, 12, 0, 15, 14, 20, 15, 32, 20], [9, 17, 21, 17, 19, 27, 29, 9, 12, 13, 10, 11, 22, 5, 15, 0, 6, 11, 4, 21, 10], [9, 14, 18, 15, 16, 24, 26, 7, 15, 17, 11, 10, 20, 7, 14, 6, 0, 8, 8, 20, 8], [7, 9, 12, 9, 11, 18, 21, 4, 17, 18, 9, 6, 14, 13, 20, 11, 8, 0, 13, 13, 3], [11, 19, 23, 19, 21, 29, 31, 10, 11, 12, 11, 13, 23, 5, 15, 4, 8, 13, 0, 23, 12], [14, 10, 11, 8, 14, 14, 16, 15, 23, 23, 14, 12, 3, 23, 32, 21, 20, 13, 23, 0, 13], [6, 9, 13, 9, 12, 19, 21, 4, 16, 17, 8, 5, 14, 12, 20, 10, 8, 3, 12, 13, 0]]
