# Alternative balanced benchmark instance generated automatically
# based_on = S30_B_SC045.txt
# scenario_id = SC045
# purpose = same size and same operational parameters, with redistributed demand
# note = designed to reduce destination concentration and avoid obvious locker-capacity conflicts
# scaling_alpha = 0.4500

V = [0, 1, 2, 3, 4, 5, 6, 7, 8, 9, 10, 11, 12, 13, 14, 15, 16, 17, 18, 19, 20, 21, 22, 23, 24, 25, 26, 27, 28, 29, 30]
K = [1, 2, 3, 4, 5, 6, 7, 8, 9, 10, 11, 12, 13, 14, 15, 16, 17, 18, 19, 20, 21, 22, 23, 24, 25, 26, 27, 28, 29, 30]
T = [0, 1]
C = 6
Q = 125.0
H = 30
g = [[0, 0], [6, 6], [4, 8], [8, 6], [7, 6], [6, 9], [6, 4], [7, 7], [4, 2], [7, 6], [7, 3], [7, 2], [6, 3], [7, 2], [8, 7], [1, 6], [6, 2], [7, 4], [2, 1], [7, 1], [4, 6], [8, 6], [3, 2], [4, 2], [6, 2], [6, 1], [4, 6], [2, 7], [8, 4], [4, 1], [6, 3]]
p_day_0 = [[0, 0, 0, 0, 0, 0, 0, 0, 0, 0, 0, 0, 0, 0, 0, 0, 0, 0, 0, 0, 0, 0, 0, 0, 0, 0, 0, 0, 0, 0, 0], [0, 0, 0, 0, 0, 0, 0, 0, 0, 7, 0, 0, 0, 0, 0, 0, 7, 0, 0, 0, 2, 0, 0, 0, 2, 0, 0, 0, 0, 0, 0], [0, 0, 0, 0, 0, 0, 0, 0, 0, 0, 0, 0, 0, 0, 0, 0, 0, 0, 7, 0, 0, 0, 0, 0, 0, 0, 0, 5, 0, 1, 6], [0, 0, 0, 0, 0, 0, 0, 0, 2, 0, 0, 0, 6, 0, 1, 0, 0, 0, 0, 0, 0, 0, 0, 0, 6, 3, 0, 0, 0, 4, 0], [0, 0, 0, 0, 0, 0, 0, 0, 0, 0, 4, 0, 0, 0, 0, 0, 0, 5, 0, 0, 4, 0, 4, 0, 0, 0, 1, 0, 0, 4, 0], [0, 0, 0, 0, 4, 0, 0, 0, 0, 0, 0, 0, 0, 0, 0, 0, 0, 0, 0, 0, 5, 0, 0, 0, 0, 0, 2, 1, 0, 6, 0], [0, 0, 0, 3, 0, 1, 0, 0, 0, 2, 0, 0, 0, 0, 0, 3, 0, 0, 0, 4, 0, 0, 0, 7, 0, 0, 0, 0, 0, 0, 0], [0, 0, 0, 0, 0, 3, 0, 0, 0, 3, 0, 4, 0, 0, 6, 0, 0, 0, 6, 0, 0, 0, 1, 0, 0, 0, 0, 0, 0, 0, 0], [0, 0, 0, 0, 0, 0, 6, 0, 0, 0, 0, 0, 4, 0, 0, 0, 0, 0, 0, 0, 0, 6, 0, 0, 5, 0, 0, 0, 0, 0, 0], [0, 0, 0, 0, 0, 0, 0, 0, 0, 0, 0, 0, 0, 0, 0, 0, 0, 0, 0, 6, 1, 0, 6, 0, 2, 3, 0, 0, 0, 0, 0], [0, 0, 0, 0, 0, 1, 6, 0, 0, 0, 0, 4, 0, 0, 0, 2, 0, 0, 0, 0, 0, 0, 0, 0, 0, 0, 0, 0, 0, 5, 0], [0, 0, 0, 0, 0, 5, 0, 2, 0, 0, 0, 0, 0, 0, 3, 0, 2, 0, 0, 0, 0, 0, 0, 0, 0, 0, 8, 0, 0, 0, 0], [0, 4, 0, 0, 0, 0, 0, 0, 0, 0, 0, 0, 0, 0, 0, 3, 0, 0, 0, 0, 0, 5, 0, 0, 2, 0, 0, 4, 0, 2, 0], [0, 0, 0, 0, 0, 3, 0, 0, 4, 6, 0, 0, 0, 0, 1, 0, 0, 4, 0, 0, 0, 0, 0, 0, 0, 0, 0, 0, 0, 0, 0], [0, 0, 0, 0, 3, 0, 0, 3, 0, 0, 0, 7, 2, 0, 0, 0, 0, 0, 0, 0, 0, 0, 0, 0, 0, 0, 0, 0, 0, 0, 3], [0, 4, 0, 0, 2, 0, 0, 0, 0, 0, 0, 0, 0, 2, 0, 0, 0, 0, 0, 0, 3, 0, 6, 0, 0, 0, 0, 0, 0, 0, 0], [0, 0, 0, 0, 2, 0, 0, 0, 0, 0, 3, 0, 0, 0, 0, 1, 0, 0, 0, 7, 0, 0, 0, 0, 0, 0, 0, 0, 6, 0, 0], [0, 0, 0, 0, 0, 3, 0, 0, 0, 0, 0, 0, 0, 4, 0, 0, 0, 0, 0, 0, 5, 0, 0, 0, 4, 0, 0, 0, 1, 0, 0], [0, 0, 0, 0, 0, 0, 0, 0, 0, 0, 0, 0, 0, 0, 3, 0, 0, 0, 0, 0, 0, 0, 0, 6, 5, 2, 0, 0, 0, 0, 0], [0, 0, 0, 0, 4, 0, 0, 0, 0, 0, 0, 0, 0, 0, 0, 0, 0, 0, 0, 0, 4, 2, 0, 0, 0, 0, 4, 0, 5, 0, 0], [0, 0, 0, 4, 0, 2, 0, 0, 0, 0, 5, 0, 0, 6, 0, 0, 0, 0, 0, 2, 0, 0, 0, 0, 0, 0, 0, 0, 0, 0, 0], [0, 0, 0, 0, 3, 0, 0, 0, 0, 0, 3, 0, 0, 0, 0, 4, 0, 0, 0, 0, 5, 0, 0, 0, 0, 0, 0, 3, 0, 0, 0], [0, 0, 0, 0, 0, 0, 0, 0, 0, 0, 0, 0, 0, 0, 0, 4, 8, 4, 0, 0, 0, 0, 0, 3, 0, 0, 1, 0, 0, 1, 0], [0, 0, 0, 0, 0, 2, 0, 0, 0, 0, 0, 0, 2, 0, 0, 8, 0, 0, 0, 0, 0, 5, 0, 0, 0, 0, 0, 0, 2, 0, 0], [0, 0, 0, 0, 0, 0, 0, 0, 0, 4, 0, 0, 0, 0, 3, 0, 0, 0, 5, 0, 0, 0, 0, 0, 0, 2, 0, 0, 0, 3, 0], [0, 0, 0, 3, 0, 0, 0, 0, 3, 0, 0, 4, 0, 0, 0, 0, 0, 0, 0, 0, 0, 0, 0, 4, 0, 0, 0, 0, 0, 5, 0], [0, 0, 6, 0, 0, 0, 0, 5, 0, 0, 0, 0, 0, 0, 0, 0, 0, 0, 4, 0, 0, 0, 0, 2, 0, 0, 0, 0, 0, 1, 0], [0, 0, 0, 0, 0, 0, 0, 0, 0, 0, 0, 1, 0, 0, 5, 0, 4, 0, 0, 0, 0, 0, 3, 0, 0, 6, 4, 0, 0, 0, 0], [0, 5, 0, 0, 0, 0, 0, 0, 0, 0, 0, 0, 4, 0, 1, 0, 0, 6, 0, 0, 0, 0, 0, 0, 0, 0, 0, 0, 0, 0, 0], [0, 0, 4, 0, 0, 0, 0, 0, 4, 0, 0, 0, 0, 0, 0, 2, 0, 0, 0, 0, 0, 0, 0, 0, 0, 0, 0, 5, 0, 0, 0], [0, 0, 0, 4, 0, 0, 0, 0, 0, 0, 0, 0, 2, 3, 0, 0, 0, 0, 6, 0, 0, 0, 0, 0, 0, 4, 0, 0, 0, 0, 0]]
p_day_1 = [[0, 0, 0, 0, 0, 0, 0, 0, 0, 0, 0, 0, 0, 0, 0, 0, 0, 0, 0, 0, 0, 0, 0, 0, 0, 0, 0, 0, 0, 0, 0], [0, 0, 0, 0, 0, 0, 0, 0, 0, 0, 4, 0, 0, 0, 0, 3, 3, 0, 0, 3, 0, 0, 0, 0, 0, 0, 0, 0, 4, 0, 0], [0, 0, 0, 0, 0, 6, 0, 0, 0, 0, 0, 0, 0, 0, 1, 3, 8, 0, 0, 0, 0, 0, 0, 0, 0, 0, 0, 0, 0, 0, 0], [0, 0, 0, 0, 0, 0, 0, 3, 2, 0, 0, 0, 0, 0, 0, 0, 0, 0, 0, 0, 0, 5, 0, 0, 4, 0, 0, 0, 5, 0, 0], [0, 0, 0, 0, 0, 0, 0, 0, 0, 0, 0, 0, 2, 0, 2, 0, 0, 5, 0, 0, 4, 0, 0, 0, 0, 0, 0, 0, 0, 3, 0], [0, 2, 0, 0, 0, 0, 0, 0, 1, 0, 0, 0, 5, 0, 5, 4, 0, 0, 0, 0, 0, 0, 0, 0, 0, 0, 0, 0, 0, 0, 0], [0, 0, 0, 1, 0, 0, 0, 0, 0, 0, 0, 0, 0, 0, 1, 0, 0, 0, 6, 0, 0, 0, 0, 0, 0, 7, 0, 0, 1, 0, 0], [0, 0, 0, 7, 0, 0, 0, 0, 0, 2, 0, 0, 0, 0, 0, 4, 0, 0, 6, 0, 0, 0, 0, 0, 2, 0, 0, 0, 0, 0, 0], [0, 0, 0, 0, 0, 0, 0, 0, 0, 1, 0, 5, 0, 0, 0, 0, 0, 0, 0, 6, 0, 0, 0, 0, 0, 3, 0, 0, 0, 0, 0], [0, 3, 5, 0, 0, 0, 0, 0, 4, 0, 0, 0, 0, 0, 0, 0, 0, 4, 0, 0, 0, 0, 0, 0, 0, 4, 0, 0, 0, 0, 0], [0, 0, 0, 0, 0, 0, 0, 0, 4, 0, 0, 3, 0, 0, 0, 2, 0, 0, 0, 0, 7, 0, 0, 0, 6, 0, 0, 0, 0, 0, 0], [0, 0, 0, 0, 0, 0, 0, 0, 0, 4, 0, 0, 0, 0, 2, 0, 0, 7, 0, 0, 0, 0, 0, 0, 1, 0, 5, 3, 0, 0, 0], [0, 0, 0, 0, 0, 0, 0, 0, 0, 0, 0, 0, 0, 6, 0, 0, 2, 0, 4, 0, 0, 0, 2, 0, 0, 0, 0, 0, 0, 0, 0], [0, 0, 0, 0, 0, 0, 4, 2, 0, 0, 0, 0, 0, 0, 0, 0, 0, 0, 0, 3, 0, 0, 0, 0, 4, 0, 0, 0, 0, 3, 0], [0, 0, 0, 0, 0, 1, 0, 3, 0, 0, 5, 4, 0, 0, 0, 0, 0, 0, 0, 0, 0, 0, 0, 0, 5, 0, 0, 0, 0, 0, 0], [0, 0, 0, 0, 0, 3, 0, 0, 5, 0, 0, 0, 0, 3, 0, 0, 0, 2, 0, 0, 0, 0, 0, 0, 0, 0, 0, 4, 3, 0, 0], [0, 0, 5, 0, 0, 2, 0, 0, 0, 0, 0, 5, 0, 0, 3, 0, 0, 0, 0, 0, 0, 0, 0, 5, 0, 0, 0, 0, 0, 0, 0], [0, 0, 0, 0, 0, 0, 0, 2, 6, 0, 2, 0, 0, 0, 0, 0, 0, 0, 0, 3, 0, 0, 0, 0, 0, 0, 6, 0, 0, 0, 0], [0, 4, 0, 0, 0, 0, 0, 0, 5, 0, 0, 0, 0, 0, 0, 0, 0, 0, 0, 0, 0, 0, 0, 1, 0, 0, 0, 0, 2, 0, 4], [0, 1, 0, 0, 0, 0, 0, 0, 0, 0, 0, 3, 0, 0, 0, 3, 0, 2, 0, 0, 0, 8, 0, 0, 0, 0, 0, 0, 0, 0, 0], [0, 0, 0, 0, 0, 3, 0, 0, 0, 0, 0, 0, 0, 4, 3, 0, 0, 0, 0, 0, 0, 0, 0, 0, 0, 4, 0, 0, 4, 0, 0], [0, 2, 0, 0, 0, 0, 1, 8, 0, 3, 0, 0, 0, 0, 4, 0, 0, 0, 0, 4, 0, 0, 0, 0, 0, 0, 0, 0, 0, 0, 0], [0, 0, 0, 0, 0, 0, 0, 0, 0, 6, 3, 0, 0, 0, 0, 0, 0, 0, 2, 3, 0, 0, 0, 0, 0, 0, 0, 0, 0, 0, 0], [0, 3, 5, 0, 0, 0, 0, 0, 0, 0, 0, 0, 5, 0, 0, 4, 0, 0, 2, 0, 0, 0, 0, 0, 0, 0, 0, 0, 0, 0, 0], [0, 5, 0, 0, 0, 0, 2, 0, 0, 0, 0, 0, 0, 0, 0, 0, 0, 3, 0, 1, 3, 7, 0, 0, 0, 0, 0, 0, 0, 0, 0], [0, 0, 0, 0, 0, 0, 0, 0, 0, 4, 0, 0, 0, 4, 0, 0, 0, 0, 3, 0, 3, 0, 0, 0, 4, 0, 0, 0, 0, 0, 0], [0, 0, 0, 0, 6, 0, 0, 0, 0, 0, 0, 0, 0, 0, 0, 0, 1, 0, 0, 0, 0, 0, 0, 0, 0, 0, 0, 0, 0, 0, 6], [0, 0, 0, 0, 0, 0, 0, 0, 0, 0, 5, 0, 0, 0, 0, 0, 3, 0, 0, 0, 0, 0, 0, 0, 0, 0, 0, 0, 2, 4, 5], [0, 0, 0, 0, 0, 2, 0, 0, 0, 5, 0, 0, 5, 0, 0, 0, 0, 0, 0, 0, 0, 0, 0, 0, 0, 0, 4, 0, 0, 0, 0], [0, 5, 8, 0, 0, 0, 0, 0, 0, 0, 1, 0, 0, 0, 0, 0, 1, 0, 0, 0, 0, 3, 0, 0, 0, 0, 2, 0, 0, 0, 0], [0, 0, 0, 0, 0, 0, 0, 4, 0, 0, 0, 0, 6, 0, 0, 0, 0, 0, 0, 0, 0, 0, 0, 4, 0, 2, 3, 0, 0, 0, 0]]
d = [[0, 12, 16, 12, 16, 22, 24, 6, 12, 13, 4, 4, 14, 12, 22, 9, 9, 7, 11, 14, 6, 16, 13, 12, 3, 7, 15, 16, 12, 24, 14], [12, 0, 5, 5, 6, 12, 14, 11, 23, 23, 14, 10, 11, 19, 25, 17, 14, 9, 19, 10, 9, 10, 8, 22, 13, 8, 5, 26, 19, 14, 22], [16, 5, 0, 7, 6, 8, 11, 14, 26, 27, 17, 14, 11, 22, 28, 21, 18, 12, 23, 11, 13, 9, 9, 26, 17, 12, 3, 30, 22, 11, 25], [12, 5, 7, 0, 9, 12, 15, 11, 22, 22, 12, 9, 8, 19, 27, 17, 15, 9, 19, 8, 9, 8, 6, 21, 12, 9, 6, 25, 19, 15, 22], [16, 6, 6, 9, 0, 10, 13, 13, 26, 27, 17, 14, 14, 20, 25, 19, 16, 11, 21, 14, 12, 13, 12, 26, 17, 11, 6, 29, 20, 13, 24], [22, 12, 8, 12, 10, 0, 5, 20, 32, 32, 23, 20, 14, 28, 33, 27, 24, 18, 29, 14, 19, 11, 13, 32, 23, 18, 9, 35, 28, 5, 31], [24, 14, 11, 15, 13, 5, 0, 23, 35, 35, 25, 22, 16, 31, 36, 29, 26, 21, 31, 16, 21, 13, 15, 34, 25, 21, 12, 38, 31, 3, 34], [6, 11, 14, 11, 13, 20, 23, 0, 15, 16, 8, 6, 15, 11, 19, 9, 7, 4, 10, 15, 4, 17, 13, 15, 6, 4, 13, 18, 10, 23, 13], [12, 23, 26, 22, 26, 32, 35, 15, 0, 4, 11, 15, 23, 14, 23, 12, 15, 17, 11, 23, 16, 26, 22, 3, 12, 17, 26, 5, 14, 35, 12], [13, 23, 27, 22, 27, 32, 35, 16, 4, 0, 12, 15, 23, 15, 25, 13, 17, 18, 12, 23, 17, 26, 22, 3, 12, 18, 26, 5, 15, 35, 14], [4, 14, 17, 12, 17, 23, 25, 8, 11, 12, 0, 5, 14, 13, 23, 10, 11, 9, 11, 14, 8, 17, 13, 11, 4, 9, 16, 15, 13, 25, 14], [4, 10, 14, 9, 14, 20, 22, 6, 15, 15, 5, 0, 12, 14, 23, 11, 10, 6, 13, 12, 5, 14, 11, 14, 5, 6, 13, 18, 14, 22, 16], [14, 11, 11, 8, 14, 14, 16, 15, 23, 23, 14, 12, 0, 24, 32, 22, 20, 14, 23, 3, 14, 5, 4, 22, 15, 14, 11, 26, 24, 16, 26], [12, 19, 22, 19, 20, 28, 31, 11, 14, 15, 13, 14, 24, 0, 12, 5, 7, 13, 5, 23, 12, 25, 22, 14, 12, 13, 22, 16, 2, 31, 6], [22, 25, 28, 27, 25, 33, 36, 19, 23, 25, 23, 23, 32, 12, 0, 15, 14, 20, 15, 32, 20, 33, 30, 24, 22, 21, 27, 25, 12, 36, 14], [9, 17, 21, 17, 19, 27, 29, 9, 12, 13, 10, 11, 22, 5, 15, 0, 6, 11, 4, 21, 10, 23, 20, 12, 9, 11, 20, 14, 5, 30, 7], [9, 14, 18, 15, 16, 24, 26, 7, 15, 17, 11, 10, 20, 7, 14, 6, 0, 8, 8, 20, 8, 21, 18, 16, 10, 9, 17, 18, 6, 26, 10], [7, 9, 12, 9, 11, 18, 21, 4, 17, 18, 9, 6, 14, 13, 20, 11, 8, 0, 13, 13, 3, 15, 12, 17, 8, 2, 11, 20, 12, 21, 15], [11, 19, 23, 19, 21, 29, 31, 10, 11, 12, 11, 13, 23, 5, 15, 4, 8, 13, 0, 23, 12, 25, 21, 11, 10, 13, 22, 13, 5, 32, 5], [14, 10, 11, 8, 14, 14, 16, 15, 23, 23, 14, 12, 3, 23, 32, 21, 20, 13, 23, 0, 13, 5, 4, 22, 15, 13, 10, 26, 23, 16, 26], [6, 9, 13, 9, 12, 19, 21, 4, 16, 17, 8, 5, 14, 12, 20, 10, 8, 3, 12, 13, 0, 15, 12, 16, 7, 3, 12, 19, 12, 22, 15], [16, 10, 9, 8, 13, 11, 13, 17, 26, 26, 17, 14, 5, 25, 33, 23, 21, 15, 25, 5, 15, 0, 6, 25, 17, 14, 9, 29, 25, 12, 28], [13, 8, 9, 6, 12, 13, 15, 13, 22, 22, 13, 11, 4, 22, 30, 20, 18, 12, 21, 4, 12, 6, 0, 21, 14, 11, 9, 25, 22, 15, 24], [12, 22, 26, 21, 26, 32, 34, 15, 3, 3, 11, 14, 22, 14, 24, 12, 16, 17, 11, 22, 16, 25, 21, 0, 11, 17, 25, 6, 14, 34, 13], [3, 13, 17, 12, 17, 23, 25, 6, 12, 12, 4, 5, 15, 12, 22, 9, 10, 8, 10, 15, 7, 17, 14, 11, 0, 8, 16, 15, 12, 25, 13], [7, 8, 12, 9, 11, 18, 21, 4, 17, 18, 9, 6, 14, 13, 21, 11, 9, 2, 13, 13, 3, 14, 11, 17, 8, 0, 11, 20, 13, 21, 16], [15, 5, 3, 6, 6, 9, 12, 13, 26, 26, 16, 13, 11, 22, 27, 20, 17, 11, 22, 10, 12, 9, 9, 25, 16, 11, 0, 29, 21, 12, 25], [16, 26, 30, 25, 29, 35, 38, 18, 5, 5, 15, 18, 26, 16, 25, 14, 18, 20, 13, 26, 19, 29, 25, 6, 15, 20, 29, 0, 16, 38, 13], [12, 19, 22, 19, 20, 28, 31, 10, 14, 15, 13, 14, 24, 2, 12, 5, 6, 12, 5, 23, 12, 25, 22, 14, 12, 13, 21, 16, 0, 31, 6], [24, 14, 11, 15, 13, 5, 3, 23, 35, 35, 25, 22, 16, 31, 36, 30, 26, 21, 32, 16, 22, 12, 15, 34, 25, 21, 12, 38, 31, 0, 34], [14, 22, 25, 22, 24, 31, 34, 13, 12, 14, 14, 16, 26, 6, 14, 7, 10, 15, 5, 26, 15, 28, 24, 13, 13, 16, 25, 13, 6, 34, 0]]
